108x72 50.0% density Life-Type Mode: Conway's Life (b3s23)
2201
2074
1878
1904
1740
1681
1598
1498
1473
1429
1391
1322
1279
1265
1254
1243
1256
1267
1267
1257
1245
1249
1189
1218
1157
1182
1155
1174
1113
1109
1081
1090
1027
1014
1005
990
928
972
963
1007
947
976
916
899
896
858
884
853
869
843
792
844
817
817
826
827
838
847
909
892
890
881
909
883
887
891
852
879
873
846
828
819
790
827
824
820
807
768
768
754
748
777
781
791
756
777
765
741
759
728
732
743
677
698
677
702
666
651
625
639
638
616
629
651
668
695
666
692
674
692
668
638
623
607
585
579
576
572
567
578
583
542
524
520
518
532
524
565
534
544
547
566
549
566
552
539
556
536
541
510
539
537
546
556
552
564
561
541
550
553
562
558
536
530
554
553
589
568
563
575
546
535
517
500
489
475
456
417
412
393
423
429
424
447
428
441
435
449
458
476
450
477
450
445
423
414
395
381
382
387
352
355
362
344
344
320
319
312
306
302
305
302
308
296
308
313
337
322
331
328
334
332
339
342
361
324
330
341
343
344
325
335
319
309
304
314
305
326
333
343
336
350
335
355
362
366
376
346
361
362
351
365
360
380
386
393
418
389
377
368
359
372
354
339
346
345
350
347
355
346
344
347
345
344
346
347
358
351
351
356
337
333
344
347
342
352
364
355
371
344
355
362
351
357
329
328
319
314
315
315
316
328
338
337
343
348
345
336
347
345
354
331
342
337
341
341
340
327
325
332
347
346
367
367
358
351
365
373
367
373
362
352
348
327
331
325
339
334
331
323
330
319
317
310
312
312
305
303
308
310
313
324
320
317
324
323
330
312
317
311
326
319
330
323
334